  960.3167  0.0109174650000  309.5183 -22.58765
  957.9429  0.0107692790000  309.1799 -23.90576
  955.4265  0.0106866060000  308.8771 -25.44336
  952.7593  0.0106242120000  308.5833 -26.98096
  949.9333  0.0105742970000  308.2805 -28.73804
  946.9404  0.0105321810000  307.9600 -30.49536
  943.7719  0.0104947440000  307.6305 -32.25269
  940.4189  0.0104619870000  307.2833 -34.22949
  936.8727  0.0104339090000  306.9271 -36.20654
  933.1237  0.0104073920000  306.5442 -38.40308
  929.1628  0.0103824340000  306.1435 -40.59961
  924.9800  0.0103605970000  305.7161 -43.01587
  920.5659  0.0103387590000  305.2708 -45.65186
  915.9100  0.0103184800000  304.8078  -48.2876
  911.0022  0.0102997630000  304.3091 -50.92358
  905.8322  0.0102810440000  303.7838 -53.99878
  900.3896  0.0102638850000  303.2406 -57.07398
  894.6641  0.0102482870000  302.6618 -60.14917
  888.6451  0.0102342490000  302.0563 -63.44409
  882.3225  0.0102217690000  301.4152 -66.95874
  875.6863  0.0102108500000  300.7384 -70.69287
  868.7266  0.0102014910000  300.0350   -74.427
  861.4337  0.0101921330000  299.2959 -78.38086
  853.7988  0.0101843330000  298.5212 -82.55444
  845.8134  0.0101734140000  297.7198 -86.94751
  837.4694  0.0101609350000  296.8650 -91.34058
  828.7599  0.0101453360000  295.9745 -95.95361
  819.6784  0.0101250590000  295.0485 -100.7859
  810.2197  0.0101032200000  294.0601 -105.8381
  800.3795  0.0100798230000  293.0182 -110.8901
  790.1549  0.0100548650000  291.9230 -116.1621
  779.5441  0.0100033900000  290.7743 -121.6536
  768.5469  0.0099035595000  289.6523 -127.3645
  757.1649  0.0096758204000  288.6550 -133.0757
  745.4005  0.0089489277000  287.8714 -139.2261
  733.2590  0.0073641157000  287.3015 -145.3765
  720.7469  0.0054127374000  286.6337 -151.7466
  707.8726  0.0036329427000  285.8679 -158.1167
  694.6466  0.0025738012000  284.9151 -164.7065
  681.0815  0.0021604397000  283.7486 -171.2961
  667.1920  0.0019514193000  282.5376 -178.1057
  652.9943  0.0018266308000  281.3177  -184.915
  638.5070  0.0017626768000  280.0265 -191.9441
  623.7507  0.0016566067000  278.7354 -198.7534
  608.7476  0.0015801737000  277.4620 -206.0022
  593.5217  0.0014834628000  276.0907 -213.0313
  578.0986  0.0011543335000  274.7283 -220.0603
  562.5053  0.0007472112800  273.5440 -227.3091
  546.7702  0.0008080456200  272.1727 -234.3381
  530.9224  0.0009780698500  270.2494 -241.1475
  514.9922  0.0010794604000  268.3260 -247.7373
  499.0105  0.0012276466000  266.4561 -254.3269
  483.0082  0.0018297506000  264.7553 -261.1365
  467.0165  0.0021963164000  263.7847 -268.6047
  451.0666  0.0016394482000  262.9120 -276.0732
  435.1891  0.0015988920000  261.3627 -282.6628
  419.4141  0.0017236804000  259.1187 -288.5938
  403.7707  0.0016550468000  257.3645 -294.9639
  388.2871  0.0014694241000  254.9247 -300.2356
  372.9900  0.0011356152000  253.0370 -305.9468
  357.9048  0.0008018061600  251.3095 -311.8774
  343.0553  0.0006692185400  248.8696   -316.71
  328.4634  0.0005553491100  246.3318 -321.3228
  314.1493  0.0004056030900  243.5447 -325.4963
  300.1312  0.0003931242400  240.5884 -329.2305
  286.4253  0.0003510081700  237.8636 -333.1843
  273.0459  0.0002932935300  234.9697 -336.6987
  260.0051  0.0002433781600  231.9867 -339.9937
  247.3131  0.0001934628100  229.4400 -343.7278
  234.9783  0.0001451073200  226.3412 -346.3638
  223.0085  0.0001139102200  223.2959 -349.2192
  211.4094  0.0000749138490  220.3930 -351.8552
  200.1854  0.0000390371930  218.3984 -356.0288
  189.3392  0.0000171992250  216.8401 -360.8611
  178.8716  0.0000078400953  215.4688 -366.1331
  168.7824  0.0000062802410  213.8927 -370.9656
  159.0698  0.0000047203862  212.5214  -376.457
  149.7310  0.0000047203862  210.6247 -380.8501
  140.7621  0.0000047203862  209.5829 -387.0005
  132.1580  0.0000062802410  209.4672 -394.9082
  123.9130  0.0000047203862  208.7726  -402.157
  116.0207  0.0000047203862  208.5767 -410.7236
  108.4740  0.0000031605314  207.7486 -418.1919
  101.2652  0.0000031605314  207.6239 -427.4177
   94.3864  0.0000031605314  208.1671 -438.8398
   87.8291  0.0000031605314  208.5144 -450.0425
   81.5848  0.0000031605314  209.4048 -463.4417
   75.6447  0.0000031605314  210.6604 -478.1587
   70.0000  0.0000031605314  211.3816 -493.0955
   64.6386  0.0000031605314  212.6817 -511.7664
   59.5385  0.0000031605314  213.9105 -533.0732
   54.6802  0.0000031605314  214.8989 -556.5767
   50.0500  0.0000031605314  215.9051 -583.1553
   45.6388  0.0000031605314  217.3833 -613.9075
   41.4416  0.0000031605314  218.1490 -645.5381
   37.4565  0.0000031605314  218.7368 -679.8047
   33.6836  0.0000016006765  219.6361 -717.8057
   30.1251  0.0000016006765  221.5684 -762.3962
   26.7837  0.0000031605314  223.7411 -811.3801
   23.6625  0.0000031605314  224.9788 -860.3638
   20.7642  0.0000031605314  227.0447  -916.157
   18.0903  0.0000031605314  228.8968 -974.5859
   15.6412  0.0000031605314  231.4613 -1040.044
   13.4154  0.0000031605314  232.6100 -1102.866
   11.4093  0.0000031605314  233.4470 -1167.446
    9.6173  0.0000031605314  234.7916 -1238.176
    8.0316  0.0000031605314  238.0239 -1323.183
    6.6424  0.0000031605314  242.5830 -1420.712
    5.4378  0.0000031605314  248.2018 -1530.541
    4.4048  0.0000031605314  254.4261 -1650.913
    3.5289  0.0000047203862  261.4873 -1784.465
    2.7951  0.0000047203862  265.6814 -1905.277
    2.1877  0.0000047203862  266.8657 -2009.615
    1.6914  0.0000047203862  268.7356 -2123.618
    1.2911  0.0000047203862  269.4747 -2233.007
    0.9727  0.0000047203862  267.3198  -2321.09
    0.7229  0.0000047203862  264.5149  -2404.78
    0.5298  0.0000047203862  264.1409 -2512.852
    0.3828  0.0000047203862  261.5764 -2602.472
    0.2724  0.0000047203862  255.8597 -2660.242
    0.1910  0.0000047203862  244.7023 -2656.948
    0.1318  0.0000047203862  234.1059 -2651.676
    0.0895  0.0000047203862  230.4462 -2723.065
    0.0598  0.0000047203862  223.1801 -2746.788
    0.0392  0.0000047203862  220.7047 -2831.576
    0.0253  0.0000031605314  212.3255 -2831.795
    0.0161  0.0000031605314  195.3090 -2712.521
